9,7
120,7
120,6
4294967294,1092
4294967294,955
206,7
206,6
206,5
206,4
206,3
206,2
206,1
4294967294,1143
205,7
205,6
205,5
205,4
205,3
205,2
205,1
204,7
204,6
204,5
204,4
204,3
204,2
204,1
203,8
203,7
203,6
203,5
203,4
203,3
203,2
203,1
4294967278,447
4294967294,1151
202,8
202,7
202,6
202,5
202,4
202,3
202,2
202,1
4294967294,947
4294967279,447
4294967279,446
201,9
4294967279,445
201,8
201,7
201,6
201,5
201,4
201,3
201,2
201,1
4294967294,1150
4294967294,898
200,6
200,5
200,4
200,3
200,2
200,1
4294967294,419
4294967294,1149
199,6
199,5
199,4
199,3
199,2
199,1
4294967279,444
4294967278,446
4294967278,445
4294967279,443
4294967279,442
4294967294,505
4294967279,441
198,6
198,5
198,4
198,3
198,2
198,1
197,8
197,7
197,6
197,5
197,4
197,3
197,2
197,1
196,5
196,4
196,3
196,2
196,1
195,5
195,4
195,3
195,2
195,1
4294967278,444
4294967294,1139
4294967278,443
4294967294,916
4294967279,440
194,7
194,6
194,5
194,4
194,3
194,2
194,1
4294967278,442
193,8
193,7
193,6
193,5
193,4
193,3
193,2
193,1
4294967294,1148
191,8
4294967279,439
4294967278,441
4294967294,1147
4294967279,438
4294967279,437
192,9
192,8
192,7
192,6
192,5
192,4
192,3
192,2
192,1
4294967279,436
4294967279,435
4294967279,434
4294967278,440
191,7
191,6
191,5
191,4
191,3
191,2
191,1
4294967278,439
4294967279,433
190,8
4294967279,432
190,7
190,6
190,5
190,4
190,3
190,2
190,1
184,7
4294967278,438
4294967294,1131
4294967294,1125
4294967294,504
189,11
4294967294,1146
189,10
189,9
189,8
189,7
189,6
189,5
189,4
189,3
189,2
189,1
4294967278,437
4294967294,1098
188,6
188,5
188,4
188,3
188,2
188,1
4294967279,431
4294967278,436
187,8
4294967294,53
187,7
187,6
187,5
187,4
187,3
187,2
187,1
4294967294,1144
186,6
186,5
186,4
186,3
186,2
186,1
185,11
4294967294,1145
4294967278,435
4294967279,430
4294967278,434
185,10
4294967294,1126
185,9
185,8
185,7
185,6
185,5
185,4
185,3
185,2
185,1
4294967279,429
184,6
184,5
184,4
4294967294,1134
184,3
184,2
184,1
183,6
183,5
183,4
183,3
183,2
183,1
4294967294,503
182,4
182,3
182,2
182,1
4294967278,433
4294967294,948
181,6
181,5
181,4
181,3
181,2
181,1
4294967278,432
4294967279,428
180,7
180,6
180,5
180,4
180,3
180,2
180,1
4294967278,431
4294967294,1140
4294967279,427
179,9
179,8
179,7
179,6
179,5
179,4
179,3
179,2
179,1
4294967294,1142
178,6
178,5
178,4
178,3
178,2
178,1
4294967279,426
4294967279,425
177,10
177,9
4294967279,424
177,8
177,7
177,6
177,5
177,4
177,3
177,2
177,1
176,8
176,7
176,6
176,5
176,4
176,3
176,2
176,1
4294967294,502
175,5
175,4
175,3
175,2
175,1
4294967294,1129
4294967294,501
4294967294,1141
4294967294,500
174,9
174,8
174,7
174,6
174,5
174,4
174,3
174,2
174,1
4294967294,499
4294967278,430
4294967279,423
173,8
173,7
173,6
173,5
173,4
173,3
173,2
173,1
4294967279,422
4294967294,942
4294967278,429
4294967278,428
4294967279,421
172,10
172,9
172,8
172,7
172,6
172,5
172,4
172,3
172,2
172,1
171,6
4294967294,1138
171,5
171,4
171,3
171,2
171,1
4294967294,1101
4294967279,420
170,5
4294967294,498
4294967279,419
170,4
170,3
170,2
170,1
169,6
169,5
169,4
169,3
169,2
169,1
4294967279,418
4294967279,417
168,11
168,10
168,9
168,8
168,7
168,6
168,5
168,4
168,3
168,2
168,1
167,4
167,3
167,2
167,1
166,7
166,6
166,5
166,4
166,3
166,2
166,1
165,11
165,10
4294967279,416
165,9
165,8
165,7
165,6
165,5
165,4
165,3
165,2
165,1
164,9
164,8
164,7
164,6
164,5
164,4
164,3
164,2
164,1
163,8
163,7
4294967294,1137
163,6
163,5
163,4
163,3
163,2
163,1
162,5
162,4
162,3
162,2
162,1
4294967279,415
4294967279,414
161,5
161,4
161,3
161,2
161,1
4294967279,413
160,7
160,6
160,5
160,4
160,3
160,2
160,1
159,9
159,8
159,7
159,6
159,5
159,4
159,3
159,2
159,1
158,7
4294967294,497
158,6
158,5
158,4
158,3
158,2
158,1
4294967278,427
157,6
157,5
157,4
157,3
157,2
157,1
156,4
156,3
156,2
156,1
155,5
155,4
155,3
155,2
155,1
154,6
4294967279,412
4294967278,426
154,5
154,4
154,3
154,2
154,1
4294967279,411
4294967278,425
153,6
153,5
153,4
153,3
153,2
153,1
152,6
152,5
152,4
152,3
152,2
152,1
4294967278,424
4294967294,974
4294967278,423
4294967294,1118
151,6
151,5
151,4
151,3
151,2
151,1
150,6
150,5
150,4
150,3
150,2
150,1
4294967279,410
149,6
149,5
149,4
149,3
149,2
149,1
4294967294,945
4294967278,422
148,5
148,4
148,3
148,2
148,1
4294967294,496
4294967278,421
4294967278,420
4294967278,419
4294967278,418
4294967294,1136
147,9
147,8
147,7
147,6
147,5
147,4
147,3
147,2
147,1
4294967278,417
4294967279,409
4294967278,416
4294967294,1135
146,10
146,9
146,8
146,7
146,6
146,5
146,4
146,3
146,2
146,1
4294967294,952
145,10
145,9
145,8
145,7
145,6
145,5
145,4
145,3
145,2
145,1
4294967294,1133
144,11
144,10
144,9
144,8
144,7
144,6
144,5
144,4
144,3
144,2
144,1
4294967294,1114
4294967294,1132
4294967278,415
4294967294,1130
143,10
143,9
143,8
143,7
143,6
143,5
143,4
143,3
143,2
143,1
4294967294,495
4294967294,437
142,8
4294967278,414
4294967278,413
4294967278,412
4294967279,408
4294967278,411
142,7
142,6
142,5
142,4
142,3
142,2
142,1
4294967278,410
4294967278,409
4294967278,408
4294967278,407
141,9
4294967294,957
4294967294,1110
4294967294,954
4294967294,1117
4294967294,1128
4294967294,494
141,8
141,7
141,6
141,5
141,4
141,3
141,2
141,1
4294967278,406
140,6
140,5
140,4
140,3
140,2
140,1
4294967294,1127
139,7
139,6
139,5
139,4
139,3
139,2
139,1
138,6
138,5
138,4
138,3
138,2
138,1
4294967294,1111
4294967294,493
4294967278,405
137,8
137,7
137,6
137,5
137,4
137,3
137,2
137,1
4294967279,407
136,7
4294967294,1124
136,6
136,5
136,4
136,3
136,2
136,1
4294967279,406
135,4
135,3
135,2
135,1
4294967279,405
134,5
4294967294,1123
134,4
134,3
134,2
134,1
133,4
133,3
133,2
133,1
4294967294,1122
4294967294,492
132,7
132,6
132,5
132,4
132,3
132,2
132,1
131,6
4294967294,1121
131,5
131,4
131,3
131,2
131,1
4294967278,404
4294967278,403
130,6
130,5
130,4
130,3
130,2
130,1
4294967294,1120
4294967294,1119
129,7
129,6
129,5
129,4
129,3
129,2
129,1
4294967294,950
4294967279,404
4294967278,402
128,7
128,6
128,5
128,4
128,3
128,2
128,1
4294967294,491
127,7
127,6
127,5
127,4
127,3
127,2
127,1
4294967294,490
126,7
126,6
126,5
126,4
126,3
126,2
126,1
4294967294,944
125,6
125,5
125,4
125,3
125,2
125,1
