330,3
14,6
122,1
122,3
14,12
0,521
0,511
0,383
0,273
0,522
0,270
0,355
302,1
302,3
14,22
0,533
0,549
285,1
285,0
283,4
283,3
283,2
283,1
283,0
282,4
282,3
282,2
282,1
282,0
280,3
280,2
280,1
280,0
277,3
277,2
277,1
277,0
276,3
276,2
276,1
276,0
275,3
275,2
275,1
275,0
3,2
274,4
274,3
3,1
274,2
274,1
3,3
274,0
273,3
273,2
10,2
273,1
10,1
273,0
10,3
272,5
272,4
272,3
272,2
272,1
11,2
272,0
11,1
270,5
270,4
11,3
270,3
270,2
270,1
270,0
9,2
268,4
268,3
9,1
268,2
268,1
9,3
268,0
267,4
267,3
267,2
8,2
267,1
8,1
267,0
266,4
8,3
266,3
266,2
266,1
266,0
12,2
265,4
265,3
12,1
265,2
265,1
12,3
265,0
264,8
264,7
264,6
264,5
20,2
264,4
264,3
20,1
264,2
264,1
20,3
264,0
262,4
262,3
262,2
19,2
262,1
19,1
262,0
261,4
19,3
261,3
261,2
261,1
261,0
