250,36
250,35
3,2
3,1
3,3
20,1
20,3
19,2
19,1
19,3
243,3
243,1
237,4
237,3
237,1
236,3
236,1
235,5
235,3
235,1
234,7
234,3
234,1
233,3
233,1
231,12
231,3
231,1
218,6
218,4
218,3
218,1
217,6
217,3
217,1
209,7
209,3
209,1
208,3
208,1
202,4
202,3
202,1
145,3
145,1
142,3
142,1
139,6
139,4
139,3
139,1
132,4
132,3
132,1
106,3
106,1
96,3
96,1
56,6
56,3
56,1
21,3
21,2
21,1
21,0
20,2
14,15
14,14
14,12
14,11
14,10
14,5
14,4
12,3
12,2
12,1
11,3
11,2
11,1
10,3
10,2
10,1
9,3
9,2
9,1
8,3
18,1
8,2
18,3
8,1
7,16
7,15
14,6
7,14
14,1
7,13
14,13
7,12
14,3
7,11
13,1
7,10
13,3
7,9
7,8
7,7
7,6
7,5
7,4
7,1
6,8
6,7
6,6
6,5
6,4
6,1
4,91
4,90
