21,3
21,2
21,1
21,0
20,3
20,2
20,1
19,3
19,2
19,1
12,3
12,2
12,1
11,3
11,2
11,1
10,3
10,2
10,1
9,3
9,2
9,1
8,3
8,2
8,1
7,16
7,15
7,14
7,13
7,12
7,11
7,10
7,9
7,8
18,1
18,3
14,1
14,6
14,3
13,1
13,3
7,7
7,6
7,5
7,4
7,1
6,8
6,7
6,6
6,5
6,4
6,1
4,91
4,90
4,89
4,88
4,87
4,86
4,85
4,84
4,83
4,82
4,81
4,80
4,79
4,78
4,77
4,76
4,75
4,74
4,73
4,72
4,71
4,70
4,69
4,68
4,67
4,66
4,65
4,1
3,3
3,2
3,1
2,3
2,2
2,1
0,0
123,34
123,33
123,32
123,31
123,30
123,29
123,28
123,27
123,26
123,25
123,24
123,23
123,22
123,21
123,20
123,19
123,18
123,17
