3,2
3,1
3,3
232,7
232,6
232,5
232,1
229,3
229,1
195,5
195,3
195,1
170,5
170,1
146,3
146,1
88,3
88,1
80,3
80,1
75,3
75,1
74,4
74,3
74,1
64,4
64,3
64,1
61,6
61,5
61,3
61,1
60,3
60,1
58,3
58,1
56,8
56,5
56,1
50,6
50,1
33,4
33,3
33,1
26,3
24,20
24,19
24,16
24,15
24,12
24,11
24,10
24,9
24,8
24,7
24,6
24,3
24,1
21,3
21,2
21,1
21,0
20,3
20,2
20,1
19,3
19,2
19,1
14,66
14,33
14,32
14,28
14,27
14,22
14,21
14,18
14,14
14,13
14,12
14,11
18,1
14,9
18,3
14,7
14,5
14,8
14,4
14,3
14,1
13,5
13,4
13,3
13,1
12,3
12,2
12,1
11,3
11,2
11,1
10,3
10,2
10,1
9,3
9,2
9,1
8,3
8,2
8,1
7,16
7,15
7,14
7,13
7,12
7,11
7,10
7,9
7,8
7,7
7,6
7,5
